File: numbers_data.txt
Number of Entries: 100
File Size (bytes): 391
Contents:
227
330
989
926
434
623
891
79
406
178
734
520
627
11
436
583
709
559
193
945
454
171
101
940
724
878
892
320
225
721
780
89
209
510
602
386
464
599
35
615
121
213
325
937
842
164
565
135
701
41
489
111
125
839
571
473
779
883
142
829
584
984
414
559
832
32
222
846
705
366
533
370
539
222
225
183
27
313
565
101
40
214
951
176
47
573
362
136
220
110
176
322
799
758
190
188
682
535
171
459

File: filtered_primes.txt
Number of Entries: 12
File Size (bytes): 47
Contents:
733
223
859
809
179
283
503
907
13
593
613
367

File: primes_ending_with_7.txt
Number of Entries: 2
File Size (bytes): 8
Contents:
907
367

